%YAML:1.0
R: !!opencv-matrix
   rows: 3
   cols: 3
   dt: d
   data: [ 9.9998446306332567e-001, 5.0037861607680357e-003,
       -2.4567775661838210e-003, -5.0009383742507397e-003,
       9.9998681785048660e-001, 1.1639332604590138e-003,
       2.4625692537153516e-003, -1.1516289832939543e-003,
       9.9999630474485035e-001 ]
T: !!opencv-matrix
   rows: 3
   cols: 1
   dt: d
   data: [ -6.0117850936771532e+001, 1.1397048443577358e-001,
       -1.3908382338603528e-001 ]
R1: !!opencv-matrix
   rows: 3
   cols: 3
   dt: d
   data: [ 9.9999516781243680e-001, 3.1053485365083434e-003,
       -1.4547248206617149e-004, -3.1052635487650877e-003,
       9.9999500996544533e-001, 5.8084636664651283e-004,
       1.4727548656806090e-004, -5.8039182949201553e-004,
       9.9999982072761151e-001 ]
R2: !!opencv-matrix
   rows: 3
   cols: 3
   dt: d
   data: [ 9.9999552684440163e-001, -1.8957759276763330e-003,
       2.3135092002214545e-003, 1.8971188788743220e-003,
       9.9999803317975977e-001, -5.7842594288912380e-004,
       -2.3124080839862613e-003, 5.8281235748006849e-004,
       9.9999715654526189e-001 ]
P1: !!opencv-matrix
   rows: 3
   cols: 4
   dt: d
   data: [ 7.3265221081092170e+002, 0., 3.7943927383422852e+002, 0., 0.,
       7.3265221081092170e+002, 2.1749554252624512e+002, 0., 0., 0., 1.,
       0. ]
P2: !!opencv-matrix
   rows: 3
   cols: 4
   dt: d
   data: [ 7.3265221081092170e+002, 0., 3.7943927383422852e+002,
       -4.4045673421177744e+004, 0., 7.3265221081092170e+002,
       2.1749554252624512e+002, 0., 0., 0., 1., 0. ]
Q: !!opencv-matrix
   rows: 4
   cols: 4
   dt: d
   data: [ 1., 0., 0., -3.7943927383422852e+002, 0., 1., 0.,
       -2.1749554252624512e+002, 0., 0., 0., 7.3265221081092170e+002, 0.,
       0., 1.6633920063046481e-002, 0. ]
