%YAML:1.0
M1: !!opencv-matrix
   rows: 3
   cols: 3
   dt: d
   data: [ 7.1692044306224375e+002, 0., 3.7526512416281628e+002, 0.,
       7.1692044306224375e+002, 2.1769600963802893e+002, 0., 0., 1. ]
D1: !!opencv-matrix
   rows: 1
   cols: 14
   dt: d
   data: [ 7.2429519930053129e-002, -1.0243800644698003e-001,
       -4.2446199532763006e-005, 2.2973291629852137e-003, 0., 0., 0., 0.,
       0., 0., 0., 0., 0., 0. ]
M2: !!opencv-matrix
   rows: 3
   cols: 3
   dt: d
   data: [ 7.1692044306224375e+002, 0., 3.8336995816716706e+002, 0.,
       7.1692044306224375e+002, 2.1741218658613701e+002, 0., 0., 1. ]
D2: !!opencv-matrix
   rows: 1
   cols: 14
   dt: d
   data: [ 7.6480354486406901e-002, -1.0295734416895316e-001,
       -1.5723913266839228e-003, 1.3195518657591633e-003, 0., 0., 0., 0.,
       0., 0., 0., 0., 0., 0. ]
